<svg version="1.1" id="Layer_1" xmlns="http://www.w3.org/2000/svg" xmlns:xlink="http://www.w3.org/1999/xlink" x="0px" y="0px"
	 width="100%" viewBox="0 0 500 500" enable-background="new 0 0 500 500" xml:space="preserve">
<path fill="#010201" opacity="1.000000" stroke="none" 
	d="
M501.000000,177.000000 
	C501.000000,285.333313 501.000000,393.166595 501.000000,500.999939 
	C334.333405,500.999939 167.666794,500.999939 1.000147,500.999969 
	C1.000098,334.333435 1.000098,167.666870 1.000049,1.000237 
	C167.666519,1.000158 334.333038,1.000158 500.999786,1.000079 
	C501.000000,59.500000 501.000000,118.000000 501.000000,177.000000 
M186.639084,253.077728 
	C187.176666,252.831802 187.714249,252.585861 188.137772,252.259521 
	C188.137772,252.259521 188.110062,252.396317 189.033264,252.439011 
	C193.960571,252.439011 198.887878,252.439011 204.344788,252.439011 
	C204.344788,182.482208 204.344788,113.292824 204.682449,43.393570 
	C205.507843,38.411503 206.333252,33.429440 207.190613,28.254423 
	C192.964310,32.932259 173.566360,54.480591 167.299026,72.129456 
	C166.814072,73.722534 166.329132,75.315613 165.928909,76.972198 
	C165.928909,76.972198 165.894928,76.871910 165.387695,77.346413 
	C165.214615,78.252159 165.041534,79.157898 164.735962,80.231369 
	C164.735962,80.231369 164.866608,80.400528 164.287338,80.977921 
	C163.057266,90.665543 160.775986,100.351082 160.756683,110.041122 
	C160.513931,231.893280 160.596695,353.746094 160.610443,475.598724 
	C160.610657,477.420380 160.791962,479.242004 160.728867,481.312469 
	C160.728867,481.312469 160.866165,481.574402 160.372391,481.922119 
	C160.543213,482.405396 160.714020,482.888672 160.840714,483.705444 
	C160.840714,483.705444 161.047913,483.970459 161.037949,484.847382 
	C162.646790,485.314240 164.251465,486.168365 165.865143,486.185730 
	C177.185928,486.307312 188.508621,486.268646 199.830612,486.244598 
	C201.252640,486.241577 202.674210,486.024231 204.306595,485.888672 
	C204.306595,484.066437 204.306641,482.743591 204.306595,481.420776 
	C204.304184,411.656860 204.302322,341.892975 204.294891,272.129059 
	C204.294769,270.966095 204.468643,269.717041 204.096970,268.673584 
	C203.886246,268.081940 202.729462,267.827271 201.143600,267.192474 
	C199.089630,267.270996 197.035660,267.349487 194.208206,267.180267 
	C193.140884,267.267395 192.073547,267.354553 190.271240,267.194763 
	C189.499802,267.172424 188.728363,267.150055 187.413895,266.788208 
	C186.616699,266.497437 185.819504,266.206696 184.797791,265.406830 
	C184.246979,264.921082 183.696152,264.435303 183.020309,263.212646 
	C183.440491,260.216705 183.860687,257.220734 184.155914,254.162277 
	C184.155914,254.162277 184.133728,254.300232 184.723419,254.181122 
	C185.175629,253.805481 185.627838,253.429840 186.020844,253.011505 
	C186.020844,253.011505 186.024918,253.084412 186.639084,253.077728 
M315.460175,43.514019 
	C315.460175,43.514019 315.418640,43.436691 315.234680,42.938400 
	C314.710144,42.481945 314.185638,42.025490 313.583679,41.469769 
	C313.583679,41.469769 313.484436,41.392342 313.262146,40.842369 
	C312.513733,40.219208 311.765350,39.596043 311.000275,39.001293 
	C311.000275,39.001293 311.027283,38.981560 310.804688,38.460831 
	C310.186615,38.057819 309.568512,37.654804 308.702789,36.956688 
	C308.702789,36.956688 308.337494,36.834320 308.028748,36.239693 
	C306.404114,35.057400 304.779510,33.875103 302.882874,32.307278 
	C302.882874,32.307278 302.458099,32.101902 302.226013,31.607002 
	C299.166504,29.843458 296.106995,28.079914 294.082794,26.913122 
	C295.083099,35.360683 296.775330,44.273079 297.058868,53.230072 
	C297.559235,69.037277 297.340546,84.873749 297.106476,100.693283 
	C297.045929,104.785149 298.425079,105.991898 302.254639,105.655785 
	C305.229614,105.394684 308.248566,105.530136 311.243591,105.626534 
	C316.286041,105.788788 319.104553,108.290474 319.279877,112.607590 
	C319.447266,116.730209 316.483246,119.555206 311.454498,119.852890 
	C307.970154,120.059151 304.472900,120.046768 300.299347,120.009682 
	C299.504333,120.498024 298.709320,120.986366 297.516113,122.219475 
	C297.584167,124.376099 297.652222,126.532722 297.450012,129.628189 
	C297.415253,165.920929 297.377991,202.213684 297.361847,238.506424 
	C297.361481,239.322281 297.600922,240.138214 297.442322,241.792465 
	C297.737549,247.157150 296.710052,251.798187 290.159393,253.819077 
	C288.800262,253.498581 287.441132,253.178070 286.031952,252.966827 
	C286.031952,252.966827 286.122162,252.887436 285.905640,252.192139 
	C284.913483,248.795959 283.065338,245.402115 283.056000,242.003235 
	C282.882050,178.705322 282.934448,115.406822 282.903381,52.108452 
	C282.901825,48.953072 283.268646,45.549435 282.247528,42.696831 
	C280.402588,37.542927 277.637817,32.718288 275.001221,27.999161 
	C275.001221,27.999161 275.254395,27.753302 275.123749,27.181046 
	C274.575653,26.670303 274.027527,26.159561 273.409485,25.615959 
	C273.409485,25.615959 273.334534,25.597240 273.182495,25.139133 
	C272.992432,24.846863 272.723541,24.687948 272.366364,24.591795 
	C272.366364,24.591795 272.341858,24.524914 272.101562,23.948774 
	C270.732605,22.966049 269.363647,21.983326 267.774750,20.793587 
	C267.774750,20.793587 267.476562,20.745634 267.087555,20.180265 
	C265.027527,19.348551 262.967468,18.516836 260.326447,17.324432 
	C259.883392,17.229618 259.440338,17.134802 258.399994,16.567909 
	C244.631180,13.607454 231.997253,18.391750 225.110031,29.187881 
	C225.110031,29.187881 225.081451,29.360804 224.777054,29.400105 
	C224.564270,29.540432 224.525650,29.718555 224.282715,30.418665 
	C224.218842,30.613298 224.154953,30.807932 223.553040,31.452261 
	C222.141541,36.645153 220.730057,41.838051 219.143707,47.755531 
	C219.192810,48.494957 219.241913,49.234383 219.079666,50.894295 
	C219.052765,81.131149 219.009827,111.368004 219.012955,141.604858 
	C219.013550,147.410934 219.195145,153.216965 219.137222,159.804230 
	C219.189713,160.860291 219.242203,161.916351 219.102127,163.648514 
	C219.165604,164.108337 219.229080,164.568176 219.133804,165.897827 
	C219.173462,168.253189 219.213104,170.608551 219.207123,173.788193 
	C223.112930,174.205826 227.104385,174.258270 230.899323,175.148514 
	C234.374649,175.963776 237.637665,177.684036 241.072861,179.734940 
	C241.221863,180.199097 241.370850,180.663269 241.346390,181.693283 
	C241.427368,182.071915 241.508347,182.450562 241.335342,183.546265 
	C241.280670,184.049469 241.226013,184.552689 240.648865,185.555557 
	C238.104996,186.818756 235.675369,188.538712 232.983932,189.212021 
	C230.476501,189.839310 227.658676,189.616028 225.034012,189.299149 
	C220.316025,188.729538 218.868912,190.350525 218.884811,195.259811 
	C219.063873,250.524887 218.995575,305.790741 219.011353,361.056396 
	C219.011917,363.045135 219.194717,365.033813 219.135727,367.803772 
	C219.188660,368.860016 219.241592,369.916260 219.081665,371.855469 
	C218.751801,381.401825 219.008240,379.522522 226.432907,379.649841 
	C228.239487,379.680847 230.050247,379.728516 231.853409,379.645477 
	C235.718338,379.467499 238.991577,380.491760 241.185867,384.640198 
	C241.325104,385.088409 241.464325,385.536621 241.373535,386.644165 
	C241.408173,387.104980 241.442810,387.565796 241.211624,388.652191 
	C241.136383,389.098114 241.061127,389.544067 240.469421,390.302521 
	C239.716690,391.231079 238.963959,392.159668 238.088715,393.051147 
	C238.088715,393.051147 238.062698,393.176483 237.258133,393.220032 
	C233.040680,393.479584 228.811981,394.056763 224.609009,393.907745 
	C220.548233,393.763702 218.150848,394.427399 218.887024,399.276428 
	C219.281845,401.877014 219.012939,404.580200 219.022873,407.237122 
	C219.113632,431.499451 219.199844,455.761810 219.130203,480.801025 
	C219.175522,481.852814 219.220840,482.904633 219.114761,484.728607 
	C220.792313,485.329437 222.466248,486.440674 224.147934,486.452515 
	C241.942337,486.578278 259.737976,486.537109 277.533234,486.514313 
	C279.147705,486.512238 280.761902,486.318237 282.281281,486.219543 
	C282.543213,485.311401 282.795685,484.844086 282.796082,484.376587 
	C282.835846,438.475525 282.838684,392.574402 282.919128,346.673431 
	C282.924408,343.676697 281.551025,343.036499 278.938232,343.100586 
	C274.289185,343.214661 269.634766,343.109497 264.559418,342.997650 
	C264.559418,342.997650 264.128021,342.946259 263.862305,342.303314 
	C260.014648,338.704620 259.589600,334.639984 262.120117,330.124664 
	C262.120117,330.124664 262.116547,330.220917 262.846283,330.157013 
	C264.237946,329.717773 265.629608,329.278534 267.941437,328.990784 
	C268.772766,329.005402 269.604523,329.045898 270.435333,329.030762 
	C284.595825,328.772797 282.537903,330.696747 282.773438,316.932220 
	C283.040771,301.309082 283.094269,285.682312 283.780884,269.678284 
	C285.873260,268.389374 287.965637,267.100464 290.707703,266.092651 
	C292.835876,268.047394 294.964050,270.002106 296.988800,272.700653 
	C297.125641,273.177582 297.262451,273.654541 297.354767,275.049438 
	C297.370850,317.324585 297.386963,359.599731 297.106750,402.745209 
	C297.433563,405.770569 297.760376,408.795929 299.002045,411.960297 
	C304.353699,412.038361 309.705322,412.116425 315.173553,412.305542 
	C315.173553,412.305542 315.324158,412.248566 315.703674,412.785004 
	C316.443481,413.230255 317.183289,413.675476 317.964233,414.033020 
	C317.964233,414.033020 317.878845,414.078735 318.119568,414.856873 
	C318.393555,417.561249 318.667511,420.265656 319.000946,422.993011 
	C319.000946,422.993011 318.962524,422.942139 318.368744,423.326019 
	C315.564606,424.462158 312.842957,426.181824 309.936310,426.592712 
	C305.935089,427.158325 301.793976,426.734406 297.590363,426.734406 
	C297.590363,446.916626 297.590363,466.307129 297.590363,486.218658 
	C311.299347,486.218658 324.727234,486.284332 338.151031,486.080139 
	C339.110016,486.065552 340.038940,484.073151 341.170074,482.078674 
	C341.188049,481.246643 341.221741,480.414612 341.221771,479.582581 
	C341.225433,356.054382 341.230164,232.526215 341.206665,108.998039 
	C341.206116,106.012207 340.888916,103.026451 340.816071,99.285347 
	C340.715302,98.534714 340.614502,97.784088 340.673218,96.288872 
	C340.186859,94.314369 339.700531,92.339859 339.427734,90.324715 
	C339.427734,90.324715 339.429443,90.107323 339.427399,89.239807 
	C338.662048,86.310425 337.896698,83.381042 337.256622,80.230202 
	C337.256622,80.230202 337.080688,80.046379 337.085022,79.357719 
	C336.775757,78.761307 336.466492,78.164894 336.110840,76.847015 
	C334.213684,72.540962 332.316559,68.234917 330.458771,63.574150 
	C330.378876,63.320721 330.208740,63.167213 329.988800,63.051186 
	C329.988800,63.051186 329.914612,63.045380 329.822937,62.342144 
	C326.633667,57.788395 323.444397,53.234646 320.308044,48.840160 
	C320.308044,48.840160 320.311890,48.672375 320.110565,48.068054 
	C318.899994,46.918076 317.689423,45.768101 316.423035,44.616203 
	C316.423035,44.616203 316.389008,44.571892 316.256958,44.117214 
	C316.089447,43.821735 315.838165,43.646191 315.460175,43.514019 
M144.676300,444.236847 
	C133.012360,444.236847 121.348404,444.236847 109.684456,444.236847 
	C109.685135,444.479187 109.685814,444.721527 109.686493,444.963867 
	C121.479393,444.963867 133.272293,444.963867 145.026749,445.905029 
	C145.026749,459.739532 145.026749,473.574036 145.026749,487.408539 
	C145.908096,473.619598 145.914474,459.838928 145.870178,446.058441 
	C145.869095,445.724792 145.303558,445.392975 144.676300,444.236847 
M81.966263,324.034454 
	C81.966263,324.034454 81.876572,324.082031 82.074356,324.826080 
	C82.694618,327.505310 83.758545,330.169525 83.850060,332.866699 
	C84.101608,340.281006 83.619545,347.729340 84.077660,355.123962 
	C84.335114,359.279541 85.879120,363.355377 86.834656,368.168274 
	C91.889191,380.721283 101.432930,388.069458 114.528450,389.722504 
	C123.713768,390.881989 133.143356,390.253998 142.456726,390.067383 
	C143.641663,390.043640 145.700668,387.919067 145.786209,386.661072 
	C146.157990,381.193024 145.825684,375.681610 145.996613,370.193695 
	C146.101059,366.840302 144.627289,365.836609 141.498230,365.952576 
	C137.009964,366.118896 132.510818,366.010559 128.016449,365.989532 
	C115.154556,365.929382 108.203072,359.081879 108.188919,346.314117 
	C108.153679,314.519989 108.176994,282.725800 108.168602,250.931641 
	C108.163643,232.121597 108.466080,213.303833 108.017960,194.504150 
	C107.710426,181.602066 101.279808,172.192627 88.699608,166.406189 
	C87.314995,166.000687 85.930374,165.595184 83.951431,165.015610 
	C83.951431,167.477631 83.951462,169.432343 83.951431,171.387039 
	C83.950745,213.971573 83.995079,256.556274 83.858467,299.140350 
	C83.848236,302.330078 82.544739,305.515625 81.216171,308.929474 
	C79.820099,309.584106 78.424019,310.238770 76.330788,310.721039 
	C70.390419,308.634399 69.179047,306.846191 69.177528,299.895447 
	C69.168137,256.812195 69.172829,213.728958 69.172844,170.645721 
	C69.172844,168.906387 69.172844,167.167053 69.172844,165.295166 
	C55.896118,167.886475 46.148239,179.501068 45.046120,193.985947 
	C45.031219,248.971222 45.015472,303.956512 45.011436,358.941772 
	C45.011391,359.601562 45.162189,360.261322 45.135639,361.756317 
	C47.971096,389.695129 61.985512,409.986572 87.040329,422.552338 
	C104.972450,431.545898 124.375511,429.522919 143.462753,429.453491 
	C144.293167,429.450470 145.771255,427.274841 145.829025,426.058136 
	C146.089462,420.572174 145.780319,415.060150 146.009369,409.571411 
	C146.152740,406.135651 145.074142,404.867798 141.504669,404.966492 
	C133.680603,405.182861 125.840080,405.184204 118.016022,404.949127 
	C95.298111,404.266571 75.079659,388.328735 70.813408,366.049896 
	C68.711632,355.074219 69.657928,343.519440 69.162582,332.229462 
	C68.937065,327.089569 70.859077,323.505798 76.776352,322.171753 
	C77.533363,322.187378 78.290367,322.202972 79.249344,322.340912 
	C79.249344,322.340912 79.439133,322.200409 79.767509,322.765442 
	C80.484192,323.218140 81.200874,323.670837 81.966263,324.034454 
M393.790710,133.932144 
	C393.826813,152.969696 393.862915,172.007233 393.772705,191.693649 
	C393.812531,192.130630 393.852325,192.567627 393.778992,193.907501 
	C393.808350,196.953735 393.837677,199.999954 393.568146,203.703903 
	C390.838135,214.807343 385.496033,219.072266 374.184814,219.141769 
	C369.522888,219.170410 364.859009,219.227783 360.199249,219.125488 
	C357.374512,219.063507 355.822235,219.902863 355.901245,223.074402 
	C356.042145,228.732056 355.774323,234.405197 356.086121,240.049301 
	C356.157379,241.339523 357.905640,243.625427 358.856110,243.612030 
	C369.480011,243.462280 380.351196,244.249008 390.661896,242.243988 
	C407.576355,238.954758 417.910004,224.407059 417.954681,206.425751 
	C418.036163,173.624832 417.984985,140.823578 417.973602,108.022453 
	C417.973083,106.573097 417.818359,105.123787 417.734344,103.654579 
	C404.700745,105.267357 393.920837,118.726578 393.790710,133.932144 
M438.706299,105.322098 
	C436.924957,104.757301 435.143585,104.192497 431.775391,103.124565 
	C431.775391,142.504303 431.775391,180.724945 431.327179,219.497055 
	C427.261261,234.393265 418.551697,245.534546 404.840363,252.832474 
	C397.420837,256.781555 389.560577,258.259338 381.283905,258.229279 
	C373.015411,258.199219 364.746704,258.222687 355.949097,258.222687 
	C355.949097,266.046997 355.810791,273.170013 356.122620,280.273224 
	C356.161987,281.170288 358.562592,282.684448 359.874359,282.689941 
	C369.686005,282.730927 379.525848,282.869873 389.306671,282.221313 
	C425.364838,279.830353 454.935883,251.044434 456.554108,215.095535 
	C457.795410,187.519806 457.266327,159.837769 456.701721,132.219849 
	C456.460205,120.405586 450.652496,110.965622 438.706299,105.322098 
M146.024612,261.500000 
	C146.024612,220.298782 146.024612,179.097549 146.024612,137.896332 
	C145.800674,137.897797 145.576752,137.899261 145.352814,137.900726 
	C145.352814,208.546783 145.352814,279.192841 145.352814,349.838898 
	C145.576752,349.838806 145.800674,349.838715 146.024612,349.838623 
	C146.024612,320.725769 146.024612,291.612885 146.024612,261.500000 
M123.000633,284.500000 
	C123.000633,306.037323 123.000633,327.574646 123.000633,349.111969 
	C123.239395,349.110229 123.478165,349.108459 123.716927,349.106689 
	C123.716927,297.293091 123.716927,245.479507 123.716927,193.665924 
	C123.478165,193.665375 123.239395,193.664825 123.000633,193.664276 
	C123.000633,223.609528 123.000633,253.554764 123.000633,284.500000 
M355.933075,469.497986 
	C355.933075,475.112732 355.933075,480.727509 355.933075,486.342255 
	C356.189392,486.339722 356.445709,486.337219 356.702026,486.334686 
	C356.702026,449.159027 356.702026,411.983337 356.702026,374.807678 
	C356.447174,374.807098 356.192291,374.806519 355.937439,374.805939 
	C355.937439,406.036865 355.937439,437.267822 355.933075,469.497986 
M356.983002,186.497879 
	C356.983002,157.581284 356.983002,128.664703 356.983002,99.748108 
	C356.721893,99.749237 356.460815,99.750374 356.199707,99.751511 
	C356.199707,134.286713 356.199707,168.821915 356.199707,203.357117 
	C356.460297,203.359528 356.720917,203.361938 356.981506,203.364349 
	C356.981506,198.075058 356.981506,192.785782 356.983002,186.497879 
M30.994188,308.500000 
	C30.994188,296.718903 30.994188,284.937836 30.994188,273.156738 
	C30.765800,273.159363 30.537413,273.161987 30.309025,273.164612 
	C30.309025,303.076050 30.309025,332.987457 30.309025,362.898895 
	C30.537407,362.899231 30.765791,362.899597 30.994173,362.899963 
	C30.994173,345.099976 30.994173,327.299988 30.994188,308.500000 
M378.005615,135.102982 
	C378.005615,157.155441 378.005615,179.207901 378.005615,201.260345 
	C378.992615,179.174667 378.993195,157.093811 378.986786,135.012955 
	C378.986694,134.693024 378.951385,134.351501 378.830505,134.062744 
	C378.774170,133.928207 378.474091,133.843979 378.283142,133.841568 
	C378.200378,133.840530 378.114227,134.103592 378.005615,135.102982 
M30.006182,234.499939 
	C30.006182,241.569458 30.006182,248.638992 30.006182,255.708511 
	C30.222492,255.700333 30.438801,255.692154 30.655111,255.683975 
	C30.655111,235.177277 30.655111,214.670578 30.655111,194.163879 
	C30.438955,194.164612 30.222799,194.165344 30.006643,194.166092 
	C30.006643,207.277374 30.006643,220.388672 30.006182,234.499939 
M356.986877,356.754822 
	C356.986877,337.356995 356.986877,317.959198 356.986877,298.561371 
	C355.978241,300.346222 355.979645,302.131927 355.978027,303.917633 
	C355.963135,320.371643 355.942627,336.825623 355.940979,353.279633 
	C355.940826,354.765564 356.049927,356.252228 356.148956,357.735870 
	C356.156006,357.841736 356.492950,357.959473 356.690399,357.995605 
	C356.741882,358.005005 356.845886,357.727478 356.986877,356.754822 
M472.020447,216.850891 
	C472.020447,203.276047 472.020447,189.701218 472.020447,176.126373 
	C471.773834,176.130157 471.527191,176.133957 471.280579,176.137741 
	C471.280579,190.451752 471.280579,204.765762 471.280579,219.079773 
	C471.408020,219.084427 471.535461,219.089081 471.662903,219.093750 
	C471.780792,218.622375 471.898682,218.151001 472.020447,216.850891 
M472.014343,130.123459 
	C471.917145,129.351044 471.819946,128.578629 471.722748,127.806221 
	C471.590820,127.816788 471.458923,127.827354 471.326996,127.837921 
	C471.326996,138.139603 471.326996,148.441269 471.326996,158.742950 
	C471.555054,158.742813 471.783112,158.742661 472.011169,158.742523 
	C472.011169,149.493454 472.011169,140.244400 472.014343,130.123459 
M361.259338,297.010834 
	C360.761627,297.037598 360.262054,297.047180 359.767395,297.101593 
	C359.618469,297.117981 359.467621,297.241821 359.349030,297.350677 
	C359.298431,297.397095 359.328369,297.531281 359.314270,297.731079 
	C368.850372,297.731079 378.377045,297.731079 387.903717,297.731079 
	C387.905151,297.489105 387.906616,297.247131 387.908051,297.005157 
	C379.303436,297.005157 370.698822,297.005157 361.259338,297.010834 
z"/>
<path fill="#70AA2A" opacity="1.000000" stroke="none" 
	d="
M219.291016,49.973808 
	C219.241913,49.234383 219.192810,48.494957 219.560364,47.269760 
	C221.832855,42.030914 223.719971,37.289253 225.467773,32.496773 
	C225.574219,32.204880 224.575546,31.509958 224.091064,31.002563 
	C224.154953,30.807932 224.218842,30.613298 224.559143,30.097073 
	C224.835587,29.775478 225.081451,29.360804 225.081451,29.360804 
	C225.081451,29.360804 225.110031,29.187881 225.532013,29.116508 
	C227.196365,28.282457 228.676422,27.744062 229.642380,26.720501 
	C235.673279,20.329868 242.831131,17.090128 251.770020,17.882589 
	C254.135620,18.092308 256.585876,17.346855 258.997284,17.039988 
	C259.440338,17.134802 259.883392,17.229618 260.678406,17.830479 
	C263.179077,19.139563 265.327820,19.942598 267.476562,20.745634 
	C267.476562,20.745634 267.774750,20.793587 267.931366,21.245434 
	C269.505951,22.639828 270.923889,23.582373 272.341858,24.524916 
	C272.341858,24.524914 272.366364,24.591795 272.383606,24.901237 
	C272.712097,25.339533 273.023315,25.468384 273.334534,25.597237 
	C273.334534,25.597240 273.409485,25.615959 273.347778,25.981529 
	C273.942169,26.815832 274.598267,27.284563 275.254395,27.753300 
	C275.254395,27.753302 275.001221,27.999161 275.063080,28.263138 
	C275.226593,29.176937 275.096741,30.033588 275.464722,30.445444 
	C280.632141,36.228859 281.043732,43.294907 281.042847,50.503151 
	C281.035187,114.488625 281.037720,178.474091 281.039337,242.459564 
	C281.039368,243.958939 280.530121,245.772568 281.189270,246.891052 
	C282.487396,249.093842 284.440155,250.910858 286.122162,252.887436 
	C286.122162,252.887436 286.031952,252.966827 286.189575,253.223648 
	C287.505676,253.962143 288.664154,254.443802 289.872955,255.378159 
	C289.962555,258.558594 290.001862,261.286316 290.037262,264.313690 
	C290.041534,265.012726 290.049774,265.412170 290.058014,265.811584 
	C287.965637,267.100464 285.873260,268.389374 283.171875,270.069946 
	C282.041534,272.653107 281.089752,274.840515 281.068787,277.036835 
	C280.932617,291.306305 281.002686,305.577759 280.997131,319.848541 
	C280.994537,326.501953 279.197784,327.819336 272.577637,326.797729 
	C270.821716,326.526794 268.864685,327.559204 266.626007,327.994385 
	C264.873505,328.737396 263.495026,329.479156 262.116547,330.220886 
	C262.116547,330.220917 262.120117,330.124664 261.779724,330.164978 
	C256.954559,335.074799 258.089325,340.452118 264.128021,342.946259 
	C264.128021,342.946259 264.559418,342.997650 264.896759,343.420166 
	C268.423126,344.222900 271.614624,344.928955 274.800629,344.904968 
	C279.261902,344.871460 281.069672,346.666901 281.061798,351.158295 
	C280.986145,394.252350 280.970795,437.346710 281.093109,480.440582 
	C281.104370,484.412292 279.505157,485.103821 276.036011,485.071167 
	C261.062531,484.930115 246.086365,485.084259 231.112503,484.964905 
	C227.161301,484.933441 223.214828,484.308716 219.266174,483.956421 
	C219.220840,482.904633 219.175522,481.852814 219.564392,480.267883 
	C220.325684,477.850342 220.931625,475.966705 220.937302,474.081329 
	C221.003693,452.013092 220.979828,429.944611 220.979843,407.876190 
	C220.979843,396.147247 220.984146,396.267761 232.547928,395.857361 
	C234.415558,395.791107 236.225891,394.110748 238.062698,393.176483 
	C238.062698,393.176483 238.088715,393.051147 238.479584,393.047668 
	C239.575623,392.026123 240.280762,391.008057 240.985901,389.989990 
	C241.061127,389.544067 241.136383,389.098114 241.572922,388.276794 
	C241.823990,387.262512 241.713776,386.623688 241.603561,385.984833 
	C241.464325,385.536621 241.325104,385.088409 241.380188,384.049683 
	C240.232224,381.884003 239.162766,379.462250 237.486877,378.922180 
	C234.618423,377.997772 231.373962,378.133881 228.280869,378.040161 
	C224.577560,377.927948 220.653778,378.378235 221.467865,372.577301 
	C221.527481,372.152405 220.054810,371.512451 219.294525,370.972504 
	C219.241592,369.916260 219.188660,368.860016 219.569153,367.268097 
	C220.328339,364.838684 220.936844,362.945190 220.938675,361.051147 
	C220.989960,308.058105 220.979843,255.065033 220.979843,202.071960 
	C220.979843,190.195709 220.979858,190.195709 232.750793,191.389908 
	C237.004135,191.821426 240.945389,188.856781 241.171356,185.055893 
	C241.226013,184.552689 241.280670,184.049469 241.571014,183.034180 
	C241.711075,182.057220 241.615463,181.592331 241.519836,181.127426 
	C241.370850,180.663269 241.221863,180.199097 241.262482,179.157745 
	C239.874649,177.043503 238.458603,174.432739 236.690063,174.166885 
	C230.947128,173.303574 225.075073,173.299088 219.252747,172.963928 
	C219.213104,170.608551 219.173462,168.253189 219.464935,165.403076 
	C219.628952,164.263016 219.461823,163.617722 219.294693,162.972412 
	C219.242203,161.916351 219.189713,160.860291 219.570129,159.268372 
	C220.327866,157.673096 220.935013,156.614090 220.936569,155.554214 
	C220.986557,121.594093 220.995758,87.633835 220.907150,53.673874 
	C220.903931,52.439121 219.853439,51.207104 219.291016,49.973808 
z"/>
<path fill="#96C133" opacity="1.000000" stroke="none" 
	d="
M161.047913,483.970459 
	C161.047913,483.970459 160.840714,483.705444 160.877670,483.088501 
	C160.898468,482.172546 160.882324,481.873474 160.866165,481.574402 
	C160.866165,481.574402 160.728867,481.312469 161.107117,480.883789 
	C161.656677,478.321106 161.977493,476.187103 161.977921,474.053070 
	C162.002151,353.031494 161.961258,232.009888 162.091766,110.988457 
	C162.099930,103.418182 163.431396,95.849503 164.143417,88.279724 
	C164.390411,85.653885 164.625870,83.026955 164.866608,80.400528 
	C164.866608,80.400528 164.735962,80.231369 165.078568,79.921425 
	C165.579086,78.698288 165.737000,77.785095 165.894928,76.871910 
	C165.894928,76.871910 165.928909,76.972198 166.278534,76.884567 
	C167.030273,75.079750 167.432373,73.362572 167.834473,71.645393 
	C173.566360,54.480591 192.964310,32.932259 207.190613,28.254423 
	C206.333252,33.429440 205.507843,38.411503 204.190033,43.917957 
	C203.248505,45.667778 202.400970,46.896500 202.411041,48.118153 
	C202.531509,62.727314 202.942352,77.335182 202.964371,91.943863 
	C203.041077,142.828812 202.998169,193.713959 202.990646,244.599030 
	C202.989716,250.913055 202.889252,250.845840 196.534424,251.068909 
	C193.714249,251.167877 190.917465,251.933380 188.110062,252.396317 
	C188.110062,252.396317 188.137772,252.259521 187.875092,252.221298 
	C187.083267,252.483521 186.554092,252.783966 186.024918,253.084412 
	C186.024918,253.084412 186.020844,253.011505 185.730652,253.047028 
	C185.004898,253.488449 184.569321,253.894348 184.133728,254.300232 
	C184.133728,254.300232 184.155914,254.162277 183.832993,254.164001 
	C179.374481,257.305756 179.234863,261.051147 183.145340,263.949554 
	C183.696152,264.435303 184.246979,264.921082 184.946289,265.978943 
	C186.048843,266.743256 187.002884,266.935455 187.956924,267.127686 
	C188.728363,267.150055 189.499802,267.172424 190.647644,267.622192 
	C192.915100,271.483246 193.887390,269.067200 194.981689,267.428009 
	C197.035660,267.349487 199.089630,267.270996 201.656860,267.686798 
	C202.444885,270.135437 202.958694,272.089600 202.959885,274.044098 
	C203.001144,342.263580 202.996429,410.483063 202.981461,478.702576 
	C202.981079,480.475952 202.793945,482.249298 202.696854,483.970459 
	C188.471176,483.970459 174.759552,483.970459 161.047913,483.970459 
z"/>
<path fill="#95C033" opacity="1.000000" stroke="none" 
	d="
M290.041199,264.014069 
	C290.001862,261.286316 289.962555,258.558594 290.100067,255.240356 
	C290.474487,254.368622 290.672089,254.087387 290.869720,253.806152 
	C296.710052,251.798187 297.737549,247.157150 297.891083,241.184952 
	C298.559906,238.641418 298.916351,236.709839 298.979828,234.768707 
	C300.219116,196.861450 296.479614,158.863998 301.370056,121.011414 
	C302.118988,121.008232 302.546997,121.009964 303.078949,121.158890 
	C303.465820,121.207222 303.748749,121.108353 304.352692,121.006302 
	C305.101776,121.006592 305.529816,121.010056 306.066223,121.160698 
	C306.464447,121.210915 306.754364,121.113960 307.481689,121.011505 
	C309.744110,120.971138 311.594513,121.118095 313.389313,120.867294 
	C318.769379,120.115486 321.340271,116.909546 320.966217,111.667862 
	C320.623840,106.869713 317.623230,104.210876 312.303009,104.039062 
	C310.644348,103.985504 308.982666,104.025375 307.322388,104.022156 
	C300.112305,104.008171 299.001617,102.887665 298.954193,95.671402 
	C298.813995,74.336990 298.663666,53.002644 298.516571,31.564428 
	C299.273438,31.667635 300.865753,31.884769 302.458099,32.101902 
	C302.458099,32.101902 302.882874,32.307278 302.992676,32.890488 
	C304.847504,34.593903 306.592499,35.714108 308.337494,36.834316 
	C308.337494,36.834320 308.702789,36.956688 308.893188,37.398800 
	C309.731476,38.221127 310.379395,38.601341 311.027283,38.981560 
	C311.027283,38.981560 311.000275,39.001293 311.035980,39.327263 
	C311.875946,40.232937 312.680176,40.812641 313.484436,41.392342 
	C313.484436,41.392342 313.583679,41.469769 313.487244,41.869431 
	C314.066742,42.658291 314.742706,43.047489 315.418640,43.436691 
	C315.418640,43.436691 315.460175,43.514019 315.458435,43.831970 
	C315.767456,44.290573 316.078217,44.431229 316.389008,44.571892 
	C316.389008,44.571892 316.423035,44.616203 316.353058,44.983410 
	C317.626038,46.457867 318.968964,47.565117 320.311890,48.672371 
	C320.311890,48.672375 320.308044,48.840160 320.323547,49.129196 
	C323.530884,53.960621 326.722748,58.503002 329.914612,63.045383 
	C329.914612,63.045380 329.988800,63.051186 329.998413,63.243774 
	C330.084564,63.651173 330.221680,63.815342 330.419403,63.928867 
	C332.316559,68.234917 334.213684,72.540962 336.109436,77.561905 
	C336.432220,78.866653 336.756470,79.456520 337.080688,80.046379 
	C337.080688,80.046379 337.256622,80.230202 337.159424,80.800339 
	C337.851318,84.282768 338.640381,87.195045 339.429443,90.107323 
	C339.429443,90.107323 339.427734,90.324715 339.263184,90.782486 
	C339.570312,93.171326 340.042023,95.102394 340.513733,97.033463 
	C340.614502,97.784088 340.715302,98.534714 340.547668,100.006737 
	C340.184906,102.715919 340.008240,104.703697 340.007996,106.691498 
	C339.992584,232.125839 339.991547,357.560181 339.609161,483.166748 
	C336.936432,483.562195 334.647461,483.921539 332.350372,483.984131 
	C323.889923,484.214600 315.379578,483.857605 306.979279,484.667755 
	C300.027771,485.338165 299.000946,485.073853 298.998108,478.169800 
	C298.991791,462.728302 298.996155,447.286835 298.996155,431.996857 
	C302.385376,426.787262 307.898132,428.193329 313.019958,427.959534 
	C316.165710,427.815948 319.131256,427.153656 318.962524,422.942139 
	C318.962524,422.942139 319.000946,422.993011 319.345886,422.901611 
	C321.686127,419.360291 322.305298,416.195984 317.878845,414.078735 
	C317.878845,414.078735 317.964233,414.033020 317.890503,413.702667 
	C316.985931,412.997742 316.155029,412.623138 315.324158,412.248566 
	C315.324158,412.248566 315.173553,412.305542 314.896362,411.936096 
	C311.949524,411.248596 309.238800,410.469574 306.618439,410.703339 
	C300.091370,411.285706 299.002289,410.526581 299.001770,404.053070 
	C298.998444,361.009674 299.006836,317.966309 298.992462,274.922913 
	C298.990173,268.098633 296.563324,265.197296 290.041199,264.014069 
z"/>
<path fill="#6FA92B" opacity="1.000000" stroke="none" 
	d="
M45.238201,193.077011 
	C46.148239,179.501068 55.896118,167.886475 69.172844,165.295166 
	C69.172844,167.167053 69.172844,168.906387 69.172844,170.645721 
	C69.172829,213.728958 69.168137,256.812195 69.177528,299.895447 
	C69.179047,306.846191 70.390419,308.634399 76.666214,311.269714 
	C77.009506,314.872711 77.017365,317.926971 76.809235,321.111542 
	C76.405296,321.515289 76.217339,321.788788 76.029373,322.062256 
	C70.859077,323.505798 68.937065,327.089569 69.162582,332.229462 
	C69.657928,343.519440 68.711632,355.074219 70.813408,366.049896 
	C75.079659,388.328735 95.298111,404.266571 118.016022,404.949127 
	C125.840080,405.184204 133.680603,405.182861 141.504669,404.966492 
	C145.074142,404.867798 146.152740,406.135651 146.009369,409.571411 
	C145.780319,415.060150 146.089462,420.572174 145.829025,426.058136 
	C145.771255,427.274841 144.293167,429.450470 143.462753,429.453491 
	C124.375511,429.522919 104.972450,431.545898 87.040329,422.552338 
	C61.985512,409.986572 47.971096,389.695129 45.414158,361.002716 
	C45.794487,359.428711 45.985195,358.608368 45.985413,357.787933 
	C45.999641,304.158478 46.003700,250.529007 45.966843,196.899551 
	C45.965965,195.625214 45.491676,194.351181 45.238201,193.077011 
z"/>
<path fill="#499221" opacity="1.000000" stroke="none" 
	d="
M77.025223,320.981262 
	C77.017365,317.926971 77.009506,314.872711 77.014801,311.355896 
	C78.424019,310.238770 79.820099,309.584106 81.745041,309.047546 
	C86.042938,308.229492 84.965042,305.122345 84.969391,302.719330 
	C85.030296,269.081299 85.012184,235.443130 85.013199,201.805008 
	C85.013496,192.146545 85.002998,182.488052 85.019836,172.829620 
	C85.024986,169.873062 85.145180,166.945724 89.262764,166.914352 
	C101.279808,172.192627 107.710426,181.602066 108.017960,194.504150 
	C108.466080,213.303833 108.163643,232.121597 108.168602,250.931641 
	C108.176994,282.725800 108.153679,314.519989 108.188919,346.314117 
	C108.203072,359.081879 115.154556,365.929382 128.016449,365.989532 
	C132.510818,366.010559 137.009964,366.118896 141.498230,365.952576 
	C144.627289,365.836609 146.101059,366.840302 145.996613,370.193695 
	C145.825684,375.681610 146.157990,381.193024 145.786209,386.661072 
	C145.700668,387.919067 143.641663,390.043640 142.456726,390.067383 
	C133.143356,390.253998 123.713768,390.881989 114.528450,389.722504 
	C101.432930,388.069458 91.889191,380.721283 86.881302,367.354950 
	C86.326797,362.172729 85.295143,357.810669 85.225441,353.433289 
	C85.121017,346.876099 86.261528,340.261993 85.734291,333.764404 
	C85.473663,330.552368 86.783913,325.800690 81.876572,324.082031 
	C81.876572,324.082031 81.966263,324.034454 81.897980,323.712433 
	C81.032837,322.993744 80.235977,322.597076 79.439133,322.200439 
	C79.439133,322.200409 79.249344,322.340912 78.985245,322.007782 
	C78.155846,321.443512 77.590538,321.212372 77.025223,320.981262 
z"/>
<path fill="#6FA82B" opacity="1.000000" stroke="none" 
	d="
M439.239349,105.904602 
	C450.652496,110.965622 456.460205,120.405586 456.701721,132.219849 
	C457.266327,159.837769 457.795410,187.519806 456.554108,215.095535 
	C454.935883,251.044434 425.364838,279.830353 389.306671,282.221313 
	C379.525848,282.869873 369.686005,282.730927 359.874359,282.689941 
	C358.562592,282.684448 356.161987,281.170288 356.122620,280.273224 
	C355.810791,273.170013 355.949097,266.046997 355.949097,258.222687 
	C364.746704,258.222687 373.015411,258.199219 381.283905,258.229279 
	C389.560577,258.259338 397.420837,256.781555 404.840363,252.832474 
	C418.551697,245.534546 427.261261,234.393265 431.887878,219.016876 
	C432.964935,216.173203 433.924042,213.810989 433.931000,211.445984 
	C434.028931,178.049561 434.070740,144.652374 433.904846,111.256477 
	C433.884064,107.073708 435.204956,105.448128 439.239349,105.904602 
z"/>
<path fill="#499022" opacity="1.000000" stroke="none" 
	d="
M393.892120,193.004608 
	C393.852325,192.567627 393.812531,192.130630 394.134277,191.066452 
	C394.665131,188.975037 394.949646,187.513657 394.985870,186.046158 
	C395.345428,171.477753 395.823761,156.908798 395.864807,142.338837 
	C395.873444,139.271759 397.977234,135.371521 393.927612,133.003540 
	C393.920837,118.726578 404.700745,105.267357 417.734344,103.654579 
	C417.818359,105.123787 417.973083,106.573097 417.973602,108.022453 
	C417.984985,140.823578 418.036163,173.624832 417.954681,206.425751 
	C417.910004,224.407059 407.576355,238.954758 390.661896,242.243988 
	C380.351196,244.249008 369.480011,243.462280 358.856110,243.612030 
	C357.905640,243.625427 356.157379,241.339523 356.086121,240.049301 
	C355.774323,234.405197 356.042145,228.732056 355.901245,223.074402 
	C355.822235,219.902863 357.374512,219.063507 360.199249,219.125488 
	C364.859009,219.227783 369.522888,219.170410 374.184814,219.141769 
	C385.496033,219.072266 390.838135,214.807343 394.025757,203.139313 
	C395.897034,199.285172 398.081451,195.948013 393.892120,193.004608 
z"/>
<path fill="#608A2B" opacity="1.000000" stroke="none" 
	d="
M286.013916,252.539795 
	C284.440155,250.910858 282.487396,249.093842 281.189270,246.891052 
	C280.530121,245.772568 281.039368,243.958939 281.039337,242.459564 
	C281.037720,178.474091 281.035187,114.488625 281.042847,50.503151 
	C281.043732,43.294907 280.632141,36.228859 275.464722,30.445444 
	C275.096741,30.033588 275.226593,29.176937 275.191040,28.141634 
	C277.637817,32.718288 280.402588,37.542927 282.247528,42.696831 
	C283.268646,45.549435 282.901825,48.953072 282.903381,52.108452 
	C282.934448,115.406822 282.882050,178.705322 283.056000,242.003235 
	C283.065338,245.402115 284.913483,248.795959 286.013916,252.539795 
z"/>
<path fill="#679330" opacity="1.000000" stroke="none" 
	d="
M219.190460,484.342529 
	C223.214828,484.308716 227.161301,484.933441 231.112503,484.964905 
	C246.086365,485.084259 261.062531,484.930115 276.036011,485.071167 
	C279.505157,485.103821 281.104370,484.412292 281.093109,480.440582 
	C280.970795,437.346710 280.986145,394.252350 281.061798,351.158295 
	C281.069672,346.666901 279.261902,344.871460 274.800629,344.904968 
	C271.614624,344.928955 268.423126,344.222900 265.108337,343.469360 
	C269.634766,343.109497 274.289185,343.214661 278.938232,343.100586 
	C281.551025,343.036499 282.924408,343.676697 282.919128,346.673431 
	C282.838684,392.574402 282.835846,438.475525 282.796082,484.376587 
	C282.795685,484.844086 282.543213,485.311401 282.281281,486.219543 
	C280.761902,486.318237 279.147705,486.512238 277.533234,486.514313 
	C259.737976,486.537109 241.942337,486.578278 224.147934,486.452515 
	C222.466248,486.440674 220.792313,485.329437 219.190460,484.342529 
z"/>
<path fill="#93B446" opacity="1.000000" stroke="none" 
	d="
M164.576965,80.689224 
	C164.625870,83.026955 164.390411,85.653885 164.143417,88.279724 
	C163.431396,95.849503 162.099930,103.418182 162.091766,110.988457 
	C161.961258,232.009888 162.002151,353.031494 161.977921,474.053070 
	C161.977493,476.187103 161.656677,478.321106 161.187057,480.759399 
	C160.791962,479.242004 160.610657,477.420380 160.610443,475.598724 
	C160.596695,353.746094 160.513931,231.893280 160.756683,110.041122 
	C160.775986,100.351082 163.057266,90.665543 164.576965,80.689224 
z"/>
<path fill="#679330" opacity="1.000000" stroke="none" 
	d="
M240.910095,185.305725 
	C240.945389,188.856781 237.004135,191.821426 232.750793,191.389908 
	C220.979858,190.195709 220.979843,190.195709 220.979843,202.071960 
	C220.979843,255.065033 220.989960,308.058105 220.938675,361.051147 
	C220.936844,362.945190 220.328339,364.838684 219.647583,366.877472 
	C219.194717,365.033813 219.011917,363.045135 219.011353,361.056396 
	C218.995575,305.790741 219.063873,250.524887 218.884811,195.259811 
	C218.868912,190.350525 220.316025,188.729538 225.034012,189.299149 
	C227.658676,189.616028 230.476501,189.839310 232.983932,189.212021 
	C235.675369,188.538712 238.104996,186.818756 240.910095,185.305725 
z"/>
<path fill="#90AD41" opacity="1.000000" stroke="none" 
	d="
M339.989197,482.994537 
	C339.991547,357.560181 339.992584,232.125839 340.007996,106.691498 
	C340.008240,104.703697 340.184906,102.715919 340.499298,100.384392 
	C340.888916,103.026451 341.206116,106.012207 341.206665,108.998039 
	C341.230164,232.526215 341.225433,356.054382 341.221771,479.582581 
	C341.221741,480.414612 341.188049,481.246643 340.827789,482.538513 
	C340.485504,482.998322 339.989197,482.994537 339.989197,482.994537 
z"/>
<path fill="#97B944" opacity="1.000000" stroke="none" 
	d="
M290.037262,264.313690 
	C296.563324,265.197296 298.990173,268.098633 298.992462,274.922913 
	C299.006836,317.966309 298.998444,361.009674 299.001770,404.053070 
	C299.002289,410.526581 300.091370,411.285706 306.618439,410.703339 
	C309.238800,410.469574 311.949524,411.248596 314.838074,411.880585 
	C309.705322,412.116425 304.353699,412.038361 298.527100,411.461029 
	C297.835815,407.932800 297.619446,404.903839 297.403076,401.874878 
	C297.386963,359.599731 297.370850,317.324585 297.533539,274.390137 
	C297.505615,273.139496 297.298920,272.548157 297.092224,271.956848 
	C294.964050,270.002106 292.835876,268.047394 290.382874,265.952118 
	C290.049774,265.412170 290.041534,265.012726 290.037262,264.313690 
z"/>
<path fill="#93B446" opacity="1.000000" stroke="none" 
	d="
M161.042938,484.408936 
	C174.759552,483.970459 188.471176,483.970459 202.696854,483.970459 
	C202.793945,482.249298 202.981079,480.475952 202.981461,478.702576 
	C202.996429,410.483063 203.001144,342.263580 202.959885,274.044098 
	C202.958694,272.089600 202.444885,270.135437 202.084442,267.800964 
	C202.729462,267.827271 203.886246,268.081940 204.096970,268.673584 
	C204.468643,269.717041 204.294769,270.966095 204.294891,272.129059 
	C204.302322,341.892975 204.304184,411.656860 204.306595,481.420776 
	C204.306641,482.743591 204.306595,484.066437 204.306595,485.888672 
	C202.674210,486.024231 201.252640,486.241577 199.830612,486.244598 
	C188.508621,486.268646 177.185928,486.307312 165.865143,486.185730 
	C164.251465,486.168365 162.646790,485.314240 161.042938,484.408936 
z"/>
<path fill="#81A036" opacity="1.000000" stroke="none" 
	d="
M302.974976,121.011688 
	C302.546997,121.009964 302.118988,121.008232 301.348022,120.790627 
	C301.005066,120.574753 300.981415,120.132080 300.981415,120.132080 
	C304.472900,120.046768 307.970154,120.059151 311.454498,119.852890 
	C316.483246,119.555206 319.447266,116.730209 319.279877,112.607590 
	C319.104553,108.290474 316.286041,105.788788 311.243591,105.626534 
	C308.248566,105.530136 305.229614,105.394684 302.254639,105.655785 
	C298.425079,105.991898 297.045929,104.785149 297.106476,100.693283 
	C297.340546,84.873749 297.559235,69.037277 297.058868,53.230072 
	C296.775330,44.273079 295.083099,35.360683 294.082794,26.913122 
	C296.106995,28.079914 299.166504,29.843458 302.342041,31.854452 
	C300.865753,31.884769 299.273438,31.667635 298.516571,31.564428 
	C298.663666,53.002644 298.813995,74.336990 298.954193,95.671402 
	C299.001617,102.887665 300.112305,104.008171 307.322388,104.022156 
	C308.982666,104.025375 310.644348,103.985504 312.303009,104.039062 
	C317.623230,104.210876 320.623840,106.869713 320.966217,111.667862 
	C321.340271,116.909546 318.769379,120.115486 313.389313,120.867294 
	C311.594513,121.118095 309.744110,120.971138 307.209839,121.003326 
	C306.319672,121.004944 306.138763,121.009232 305.957855,121.013527 
	C305.529816,121.010056 305.101776,121.006592 304.088318,121.001999 
	C303.326935,121.004486 303.150970,121.008087 302.974976,121.011688 
z"/>
<path fill="#97B944" opacity="1.000000" stroke="none" 
	d="
M300.640381,120.070877 
	C300.981415,120.132080 301.005066,120.574753 301.027069,120.795547 
	C296.479614,158.863998 300.219116,196.861450 298.979828,234.768707 
	C298.916351,236.709839 298.559906,238.641418 298.034180,240.765778 
	C297.600922,240.138214 297.361481,239.322281 297.361847,238.506424 
	C297.377991,202.213684 297.415253,165.920929 297.683655,128.803986 
	C297.916290,125.811440 297.915283,123.643074 297.914307,121.474716 
	C298.709320,120.986366 299.504333,120.498024 300.640381,120.070877 
z"/>
<path fill="#92B242" opacity="1.000000" stroke="none" 
	d="
M339.609161,483.166748 
	C339.989197,482.994537 340.485504,482.998322 340.733673,482.999329 
	C340.038940,484.073151 339.110016,486.065552 338.151031,486.080139 
	C324.727234,486.284332 311.299347,486.218658 297.590363,486.218658 
	C297.590363,466.307129 297.590363,446.916626 297.590363,426.734406 
	C301.793976,426.734406 305.935089,427.158325 309.936310,426.592712 
	C312.842957,426.181824 315.564606,424.462158 318.665649,423.134094 
	C319.131256,427.153656 316.165710,427.815948 313.019958,427.959534 
	C307.898132,428.193329 302.385376,426.787262 298.996155,431.996857 
	C298.996155,447.286835 298.991791,462.728302 298.998108,478.169800 
	C299.000946,485.073853 300.027771,485.338165 306.979279,484.667755 
	C315.379578,483.857605 323.889923,484.214600 332.350372,483.984131 
	C334.647461,483.921539 336.936432,483.562195 339.609161,483.166748 
z"/>
<path fill="#9ABA4E" opacity="1.000000" stroke="none" 
	d="
M188.571655,252.417664 
	C190.917465,251.933380 193.714249,251.167877 196.534424,251.068909 
	C202.889252,250.845840 202.989716,250.913055 202.990646,244.599030 
	C202.998169,193.713959 203.041077,142.828812 202.964371,91.943863 
	C202.942352,77.335182 202.531509,62.727314 202.411041,48.118153 
	C202.400970,46.896500 203.248505,45.667778 204.021210,44.272892 
	C204.344788,113.292824 204.344788,182.482208 204.344788,252.439011 
	C198.887878,252.439011 193.960571,252.439011 188.571655,252.417664 
z"/>
<path fill="#679330" opacity="1.000000" stroke="none" 
	d="
M219.185333,50.434052 
	C219.853439,51.207104 220.903931,52.439121 220.907150,53.673874 
	C220.995758,87.633835 220.986557,121.594093 220.936569,155.554214 
	C220.935013,156.614090 220.327866,157.673096 219.648132,158.877762 
	C219.195145,153.216965 219.013550,147.410934 219.012955,141.604858 
	C219.009827,111.368004 219.052765,81.131149 219.185333,50.434052 
z"/>
<path fill="#949095" opacity="1.000000" stroke="none" 
	d="
M146.024612,262.000000 
	C146.024612,291.612885 146.024612,320.725769 146.024612,349.838623 
	C145.800674,349.838715 145.576752,349.838806 145.352814,349.838898 
	C145.352814,279.192841 145.352814,208.546783 145.352814,137.900726 
	C145.576752,137.899261 145.800674,137.897797 146.024612,137.896332 
	C146.024612,179.097549 146.024612,220.298782 146.024612,262.000000 
z"/>
<path fill="#679330" opacity="1.000000" stroke="none" 
	d="
M237.660416,393.198242 
	C236.225891,394.110748 234.415558,395.791107 232.547928,395.857361 
	C220.984146,396.267761 220.979843,396.147247 220.979843,407.876190 
	C220.979828,429.944611 221.003693,452.013092 220.937302,474.081329 
	C220.931625,475.966705 220.325684,477.850342 219.642990,479.879456 
	C219.199844,455.761810 219.113632,431.499451 219.022873,407.237122 
	C219.012939,404.580200 219.281845,401.877014 218.887024,399.276428 
	C218.150848,394.427399 220.548233,393.763702 224.609009,393.907745 
	C228.811981,394.056763 233.040680,393.479584 237.660416,393.198242 
z"/>
<path fill="#76A53F" opacity="1.000000" stroke="none" 
	d="
M45.142159,193.531479 
	C45.491676,194.351181 45.965965,195.625214 45.966843,196.899551 
	C46.003700,250.529007 45.999641,304.158478 45.985413,357.787933 
	C45.985195,358.608368 45.794487,359.428711 45.467628,360.585114 
	C45.162189,360.261322 45.011391,359.601562 45.011436,358.941772 
	C45.015472,303.956512 45.031219,248.971222 45.142159,193.531479 
z"/>
<path fill="#E7E7E7" opacity="1.000000" stroke="none" 
	d="
M123.000633,284.000000 
	C123.000633,253.554764 123.000633,223.609528 123.000633,193.664276 
	C123.239395,193.664825 123.478165,193.665375 123.716927,193.665924 
	C123.716927,245.479507 123.716927,297.293091 123.716927,349.106689 
	C123.478165,349.108459 123.239395,349.110229 123.000633,349.111969 
	C123.000633,327.574646 123.000633,306.037323 123.000633,284.000000 
z"/>
<path fill="#55843B" opacity="1.000000" stroke="none" 
	d="
M88.981186,166.660278 
	C85.145180,166.945724 85.024986,169.873062 85.019836,172.829620 
	C85.002998,182.488052 85.013496,192.146545 85.013199,201.805008 
	C85.012184,235.443130 85.030296,269.081299 84.969391,302.719330 
	C84.965042,305.122345 86.042938,308.229492 82.058182,308.934357 
	C82.544739,305.515625 83.848236,302.330078 83.858467,299.140350 
	C83.995079,256.556274 83.950745,213.971573 83.951431,171.387039 
	C83.951462,169.432343 83.951431,167.477631 83.951431,165.015610 
	C85.930374,165.595184 87.314995,166.000687 88.981186,166.660278 
z"/>
<path fill="#74A436" opacity="1.000000" stroke="none" 
	d="
M267.000000,327.993164 
	C268.864685,327.559204 270.821716,326.526794 272.577637,326.797729 
	C279.197784,327.819336 280.994537,326.501953 280.997131,319.848541 
	C281.002686,305.577759 280.932617,291.306305 281.068787,277.036835 
	C281.089752,274.840515 282.041534,272.653107 282.901794,270.259338 
	C283.094269,285.682312 283.040771,301.309082 282.773438,316.932220 
	C282.537903,330.696747 284.595825,328.772797 270.435333,329.030762 
	C269.604523,329.045898 268.772766,329.005402 267.476501,328.703522 
	C267.011597,328.416260 267.000000,327.993164 267.000000,327.993164 
z"/>
<path fill="#74A23A" opacity="1.000000" stroke="none" 
	d="
M438.972839,105.613350 
	C435.204956,105.448128 433.884064,107.073708 433.904846,111.256477 
	C434.070740,144.652374 434.028931,178.049561 433.931000,211.445984 
	C433.924042,213.810989 432.964935,216.173203 432.111969,218.741150 
	C431.775391,180.724945 431.775391,142.504303 431.775391,103.124565 
	C435.143585,104.192497 436.924957,104.757301 438.972839,105.613350 
z"/>
<path fill="#949292" opacity="1.000000" stroke="none" 
	d="
M355.935242,468.998383 
	C355.937439,437.267822 355.937439,406.036865 355.937439,374.805939 
	C356.192291,374.806519 356.447174,374.807098 356.702026,374.807678 
	C356.702026,411.983337 356.702026,449.159027 356.702026,486.334686 
	C356.445709,486.337219 356.189392,486.339722 355.933075,486.342255 
	C355.933075,480.727509 355.933075,475.112732 355.935242,468.998383 
z"/>
<path fill="#969395" opacity="1.000000" stroke="none" 
	d="
M356.982239,186.997192 
	C356.981506,192.785782 356.981506,198.075058 356.981506,203.364349 
	C356.720917,203.361938 356.460297,203.359528 356.199707,203.357117 
	C356.199707,168.821915 356.199707,134.286713 356.199707,99.751511 
	C356.460815,99.750374 356.721893,99.749237 356.983002,99.748108 
	C356.983002,128.664703 356.983002,157.581284 356.982239,186.997192 
z"/>
<path fill="#434343" opacity="1.000000" stroke="none" 
	d="
M30.994181,309.000000 
	C30.994173,327.299988 30.994173,345.099976 30.994173,362.899963 
	C30.765791,362.899597 30.537407,362.899231 30.309025,362.898895 
	C30.309025,332.987457 30.309025,303.076050 30.309025,273.164612 
	C30.537413,273.161987 30.765800,273.159363 30.994188,273.156738 
	C30.994188,284.937836 30.994188,296.718903 30.994181,309.000000 
z"/>
<path fill="#608A2B" opacity="1.000000" stroke="none" 
	d="
M258.698639,16.803949 
	C256.585876,17.346855 254.135620,18.092308 251.770020,17.882589 
	C242.831131,17.090128 235.673279,20.329868 229.642380,26.720501 
	C228.676422,27.744062 227.196365,28.282457 225.611511,29.079645 
	C231.997253,18.391750 244.631180,13.607454 258.698639,16.803949 
z"/>
<path fill="#4E8531" opacity="1.000000" stroke="none" 
	d="
M81.975464,324.454041 
	C86.783913,325.800690 85.473663,330.552368 85.734291,333.764404 
	C86.261528,340.261993 85.121017,346.876099 85.225441,353.433289 
	C85.295143,357.810669 86.326797,362.172729 86.885727,367.004395 
	C85.879120,363.355377 84.335114,359.279541 84.077660,355.123962 
	C83.619545,347.729340 84.101608,340.281006 83.850060,332.866699 
	C83.758545,330.169525 82.694618,327.505310 81.975464,324.454041 
z"/>
<path fill="#4E8E2E" opacity="1.000000" stroke="none" 
	d="
M393.859161,133.467834 
	C397.977234,135.371521 395.873444,139.271759 395.864807,142.338837 
	C395.823761,156.908798 395.345428,171.477753 394.985870,186.046158 
	C394.949646,187.513657 394.665131,188.975037 394.197449,190.742020 
	C393.862915,172.007233 393.826813,152.969696 393.859161,133.467834 
z"/>
<path fill="#D2D2D2" opacity="1.000000" stroke="none" 
	d="
M378.017609,134.674835 
	C378.114227,134.103592 378.200378,133.840530 378.283142,133.841568 
	C378.474091,133.843979 378.774170,133.928207 378.830505,134.062744 
	C378.951385,134.351501 378.986694,134.693024 378.986786,135.012955 
	C378.993195,157.093811 378.992615,179.174667 378.005615,201.260345 
	C378.005615,179.207901 378.005615,157.155441 378.017609,134.674835 
z"/>
<path fill="#679330" opacity="1.000000" stroke="none" 
	d="
M219.188095,371.414001 
	C220.054810,371.512451 221.527481,372.152405 221.467865,372.577301 
	C220.653778,378.378235 224.577560,377.927948 228.280869,378.040161 
	C231.373962,378.133881 234.618423,377.997772 237.486877,378.922180 
	C239.162766,379.462250 240.232224,381.884003 241.374023,383.695862 
	C238.991577,380.491760 235.718338,379.467499 231.853409,379.645477 
	C230.050247,379.728516 228.239487,379.680847 226.432907,379.649841 
	C219.008240,379.522522 218.751801,381.401825 219.188095,371.414001 
z"/>
<path fill="#434343" opacity="1.000000" stroke="none" 
	d="
M30.006413,233.999954 
	C30.006643,220.388672 30.006643,207.277374 30.006643,194.166092 
	C30.222799,194.165344 30.438955,194.164612 30.655111,194.163879 
	C30.655111,214.670578 30.655111,235.177277 30.655111,255.683975 
	C30.438801,255.692154 30.222492,255.700333 30.006182,255.708511 
	C30.006182,248.638992 30.006182,241.569458 30.006413,233.999954 
z"/>
<path fill="#909090" opacity="1.000000" stroke="none" 
	d="
M356.956329,357.168274 
	C356.845886,357.727478 356.741882,358.005005 356.690399,357.995605 
	C356.492950,357.959473 356.156006,357.841736 356.148956,357.735870 
	C356.049927,356.252228 355.940826,354.765564 355.940979,353.279633 
	C355.942627,336.825623 355.963135,320.371643 355.978027,303.917633 
	C355.979645,302.131927 355.978241,300.346222 356.986877,298.561371 
	C356.986877,317.959198 356.986877,337.356995 356.956329,357.168274 
z"/>
<path fill="#4C4C4C" opacity="1.000000" stroke="none" 
	d="
M472.018494,217.265259 
	C471.898682,218.151001 471.780792,218.622375 471.662903,219.093750 
	C471.535461,219.089081 471.408020,219.084427 471.280579,219.079773 
	C471.280579,204.765762 471.280579,190.451752 471.280579,176.137741 
	C471.527191,176.133957 471.773834,176.130157 472.020447,176.126373 
	C472.020447,189.701218 472.020447,203.276047 472.018494,217.265259 
z"/>
<path fill="#679330" opacity="1.000000" stroke="none" 
	d="
M219.229935,173.376068 
	C225.075073,173.299088 230.947128,173.303574 236.690063,174.166885 
	C238.458603,174.432739 239.874649,177.043503 241.223160,178.793030 
	C237.637665,177.684036 234.374649,175.963776 230.899323,175.148514 
	C227.104385,174.258270 223.112930,174.205826 219.229935,173.376068 
z"/>
<path fill="#918D91" opacity="1.000000" stroke="none" 
	d="
M145.001282,445.060333 
	C145.303558,445.392975 145.869095,445.724792 145.870178,446.058441 
	C145.914474,459.838928 145.908096,473.619598 145.026749,487.408539 
	C145.026749,473.574036 145.026749,459.739532 145.040497,445.465515 
	C145.054260,445.026001 145.001282,445.060333 145.001282,445.060333 
z"/>
<path fill="#679330" opacity="1.000000" stroke="none" 
	d="
M223.822052,31.227409 
	C224.575546,31.509958 225.574219,32.204880 225.467773,32.496773 
	C223.719971,37.289253 221.832855,42.030914 219.647797,46.907463 
	C220.730057,41.838051 222.141541,36.645153 223.822052,31.227409 
z"/>
<path fill="#A4A4A4" opacity="1.000000" stroke="none" 
	d="
M145.059723,444.994934 
	C133.272293,444.963867 121.479393,444.963867 109.686493,444.963867 
	C109.685814,444.721527 109.685135,444.479187 109.684456,444.236847 
	C121.348404,444.236847 133.012360,444.236847 144.838791,444.648590 
	C145.001282,445.060333 145.054260,445.026001 145.059723,444.994934 
z"/>
<path fill="#4C4C4C" opacity="1.000000" stroke="none" 
	d="
M472.012756,130.559387 
	C472.011169,140.244400 472.011169,149.493454 472.011169,158.742523 
	C471.783112,158.742661 471.555054,158.742813 471.326996,158.742950 
	C471.326996,148.441269 471.326996,138.139603 471.326996,127.837921 
	C471.458923,127.827354 471.590820,127.816788 471.722748,127.806221 
	C471.819946,128.578629 471.917145,129.351044 472.012756,130.559387 
z"/>
<path fill="#81A036" opacity="1.000000" stroke="none" 
	d="
M329.868774,62.693764 
	C326.722748,58.503002 323.530884,53.960621 320.297119,49.049568 
	C323.444397,53.234646 326.633667,57.788395 329.868774,62.693764 
z"/>
<path fill="#2F2D2F" opacity="1.000000" stroke="none" 
	d="
M361.676758,297.007996 
	C370.698822,297.005157 379.303436,297.005157 387.908051,297.005157 
	C387.906616,297.247131 387.905151,297.489105 387.903717,297.731079 
	C378.377045,297.731079 368.850372,297.731079 359.314270,297.731079 
	C359.328369,297.531281 359.298431,297.397095 359.349030,297.350677 
	C359.467621,297.241821 359.618469,297.117981 359.767395,297.101593 
	C360.262054,297.047180 360.761627,297.037598 361.676758,297.007996 
z"/>
<path fill="#679330" opacity="1.000000" stroke="none" 
	d="
M263.995178,342.624786 
	C258.089325,340.452118 256.954559,335.074799 261.824341,330.183105 
	C259.589600,334.639984 260.014648,338.704620 263.995178,342.624786 
z"/>
<path fill="#93B446" opacity="1.000000" stroke="none" 
	d="
M183.082825,263.581116 
	C179.234863,261.051147 179.374481,257.305756 183.895477,254.195251 
	C183.860687,257.220734 183.440491,260.216705 183.082825,263.581116 
z"/>
<path fill="#92B242" opacity="1.000000" stroke="none" 
	d="
M317.999207,414.467804 
	C322.305298,416.195984 321.686127,419.360291 319.316162,422.890137 
	C318.667511,420.265656 318.393555,417.561249 317.999207,414.467804 
z"/>
<path fill="#4E8E2E" opacity="1.000000" stroke="none" 
	d="
M393.835571,193.456055 
	C398.081451,195.948013 395.897034,199.285172 394.175171,202.810455 
	C393.837677,199.999954 393.808350,196.953735 393.835571,193.456055 
z"/>
<path fill="#608A2B" opacity="1.000000" stroke="none" 
	d="
M267.282043,20.462950 
	C265.327820,19.942598 263.179077,19.139563 260.968872,18.010824 
	C262.967468,18.516836 265.027527,19.348551 267.282043,20.462950 
z"/>
<path fill="#81A036" opacity="1.000000" stroke="none" 
	d="
M308.183105,36.537003 
	C306.592499,35.714108 304.847504,34.593903 303.128693,33.083252 
	C304.779510,33.875103 306.404114,35.057400 308.183105,36.537003 
z"/>
<path fill="#90AD41" opacity="1.000000" stroke="none" 
	d="
M339.428406,89.673569 
	C338.640381,87.195045 337.851318,84.282768 337.096802,80.911072 
	C337.896698,83.381042 338.662048,86.310425 339.428406,89.673569 
z"/>
<path fill="#556D19" opacity="1.000000" stroke="none" 
	d="
M297.254913,402.310059 
	C297.619446,404.903839 297.835815,407.932800 298.069702,411.391541 
	C297.760376,408.795929 297.433563,405.770569 297.254913,402.310059 
z"/>
<path fill="#81A036" opacity="1.000000" stroke="none" 
	d="
M320.211243,48.370209 
	C318.968964,47.565117 317.626038,46.457867 316.380981,44.984367 
	C317.689423,45.768101 318.899994,46.918076 320.211243,48.370209 
z"/>
<path fill="#93B446" opacity="1.000000" stroke="none" 
	d="
M194.594940,267.304138 
	C193.887390,269.067200 192.915100,271.483246 191.015137,267.745667 
	C192.073547,267.354553 193.140884,267.267395 194.594940,267.304138 
z"/>
<path fill="#608A2B" opacity="1.000000" stroke="none" 
	d="
M272.221710,24.236847 
	C270.923889,23.582373 269.505951,22.639828 268.041321,21.348942 
	C269.363647,21.983326 270.732605,22.966049 272.221710,24.236847 
z"/>
<path fill="#93B446" opacity="1.000000" stroke="none" 
	d="
M167.566742,71.887421 
	C167.432373,73.362572 167.030273,75.079750 166.236176,76.852814 
	C166.329132,75.315613 166.814072,73.722534 167.566742,71.887421 
z"/>
<path fill="#679330" opacity="1.000000" stroke="none" 
	d="
M240.727661,390.146240 
	C240.280762,391.008057 239.575623,392.026123 238.540848,393.066223 
	C238.963959,392.159668 239.716690,391.231079 240.727661,390.146240 
z"/>
<path fill="#90AD41" opacity="1.000000" stroke="none" 
	d="
M340.593475,96.661163 
	C340.042023,95.102394 339.570312,93.171326 339.156403,90.802811 
	C339.700531,92.339859 340.186859,94.314369 340.593475,96.661163 
z"/>
<path fill="#679330" opacity="1.000000" stroke="none" 
	d="
M266.626007,327.994385 
	C267.000000,327.993164 267.011597,328.416260 267.016418,328.627777 
	C265.629608,329.278534 264.237946,329.717773 262.481415,330.188965 
	C263.495026,329.479156 264.873505,328.737396 266.626007,327.994385 
z"/>
<path fill="#95C033" opacity="1.000000" stroke="none" 
	d="
M297.715210,121.847092 
	C297.915283,123.643074 297.916290,125.811440 297.818756,128.334564 
	C297.652222,126.532722 297.584167,124.376099 297.715210,121.847092 
z"/>
<path fill="#608A2B" opacity="1.000000" stroke="none" 
	d="
M290.514557,253.812622 
	C290.672089,254.087387 290.474487,254.368622 290.049774,254.787674 
	C288.664154,254.443802 287.505676,253.962143 286.214600,253.169006 
	C287.441132,253.178070 288.800262,253.498581 290.514557,253.812622 
z"/>
<path fill="#93B446" opacity="1.000000" stroke="none" 
	d="
M187.685410,266.957947 
	C187.002884,266.935455 186.048843,266.743256 185.058563,266.233490 
	C185.819504,266.206696 186.616699,266.497437 187.685410,266.957947 
z"/>
<path fill="#81A036" opacity="1.000000" stroke="none" 
	d="
M313.373291,41.117355 
	C312.680176,40.812641 311.875946,40.232937 311.044312,39.313057 
	C311.765350,39.596043 312.513733,40.219208 313.373291,41.117355 
z"/>
<path fill="#679330" opacity="1.000000" stroke="none" 
	d="
M241.488556,386.314514 
	C241.713776,386.623688 241.823990,387.262512 241.705841,387.963989 
	C241.442810,387.565796 241.408173,387.104980 241.488556,386.314514 
z"/>
<path fill="#92B242" opacity="1.000000" stroke="none" 
	d="
M315.513916,412.516785 
	C316.155029,412.623138 316.985931,412.997742 317.869934,413.746521 
	C317.183289,413.675476 316.443481,413.230255 315.513916,412.516785 
z"/>
<path fill="#608A2B" opacity="1.000000" stroke="none" 
	d="
M275.189087,27.467171 
	C274.598267,27.284563 273.942169,26.815832 273.382751,25.997961 
	C274.027527,26.159561 274.575653,26.670303 275.189087,27.467171 
z"/>
<path fill="#679330" opacity="1.000000" stroke="none" 
	d="
M219.198410,163.310455 
	C219.461823,163.617722 219.628952,164.263016 219.544312,164.968170 
	C219.229080,164.568176 219.165604,164.108337 219.198410,163.310455 
z"/>
<path fill="#81A036" opacity="1.000000" stroke="none" 
	d="
M315.326660,43.187546 
	C314.742706,43.047489 314.066742,42.658291 313.525940,41.919064 
	C314.185638,42.025490 314.710144,42.481945 315.326660,43.187546 
z"/>
<path fill="#4E8531" opacity="1.000000" stroke="none" 
	d="
M79.603317,322.482941 
	C80.235977,322.597076 81.032837,322.993744 81.873619,323.756958 
	C81.200874,323.670837 80.484192,323.218140 79.603317,322.482941 
z"/>
<path fill="#93B446" opacity="1.000000" stroke="none" 
	d="
M165.641296,77.109161 
	C165.737000,77.785095 165.579086,78.698288 165.144806,79.837555 
	C165.041534,79.157898 165.214615,78.252159 165.641296,77.109161 
z"/>
<path fill="#81A036" opacity="1.000000" stroke="none" 
	d="
M310.915985,38.721191 
	C310.379395,38.601341 309.731476,38.221127 309.017029,37.546349 
	C309.568512,37.654804 310.186615,38.057819 310.915985,38.721191 
z"/>
<path fill="#4E8531" opacity="1.000000" stroke="none" 
	d="
M76.809242,321.111542 
	C77.590538,321.212372 78.155846,321.443512 78.884262,321.946594 
	C78.290367,322.202972 77.533363,322.187378 76.402863,322.117004 
	C76.217339,321.788788 76.405296,321.515289 76.809242,321.111542 
z"/>
<path fill="#93B446" opacity="1.000000" stroke="none" 
	d="
M184.428589,254.240692 
	C184.569321,253.894348 185.004898,253.488449 185.760254,253.068375 
	C185.627838,253.429840 185.175629,253.805481 184.428589,254.240692 
z"/>
<path fill="#93B446" opacity="1.000000" stroke="none" 
	d="
M186.332001,253.081085 
	C186.554092,252.783966 187.083267,252.483521 187.932129,252.261505 
	C187.714249,252.585861 187.176666,252.831802 186.332001,253.081085 
z"/>
<path fill="#556D19" opacity="1.000000" stroke="none" 
	d="
M297.040527,272.328735 
	C297.298920,272.548157 297.505615,273.139496 297.555786,273.931152 
	C297.262451,273.654541 297.125641,273.177582 297.040527,272.328735 
z"/>
<path fill="#90AD41" opacity="1.000000" stroke="none" 
	d="
M337.082855,79.702049 
	C336.756470,79.456520 336.432220,78.866653 336.132599,77.922638 
	C336.466492,78.164894 336.775757,78.761307 337.082855,79.702049 
z"/>
<path fill="#679330" opacity="1.000000" stroke="none" 
	d="
M241.433105,181.410355 
	C241.615463,181.592331 241.711075,182.057220 241.698013,182.675659 
	C241.508347,182.450562 241.427368,182.071915 241.433105,181.410355 
z"/>
<path fill="#81A036" opacity="1.000000" stroke="none" 
	d="
M316.322998,44.344551 
	C316.078217,44.431229 315.767456,44.290573 315.479919,43.870251 
	C315.838165,43.646191 316.089447,43.821735 316.322998,44.344551 
z"/>
<path fill="#81A036" opacity="1.000000" stroke="none" 
	d="
M330.439087,63.751511 
	C330.221680,63.815342 330.084564,63.651173 329.978180,63.274994 
	C330.208740,63.167213 330.378876,63.320721 330.439087,63.751511 
z"/>
<path fill="#608A2B" opacity="1.000000" stroke="none" 
	d="
M224.929260,29.380455 
	C225.081451,29.360804 224.835587,29.775478 224.748383,29.854977 
	C224.525650,29.718555 224.564270,29.540432 224.929260,29.380455 
z"/>
<path fill="#608A2B" opacity="1.000000" stroke="none" 
	d="
M273.258514,25.368183 
	C273.023315,25.468384 272.712097,25.339533 272.388367,24.936539 
	C272.723541,24.687948 272.992432,24.846863 273.258514,25.368183 
z"/>
<path fill="#93B446" opacity="1.000000" stroke="none" 
	d="
M160.619278,481.748260 
	C160.882324,481.873474 160.898468,482.172546 160.899734,482.921753 
	C160.714020,482.888672 160.543213,482.405396 160.619278,481.748260 
z"/>
<path fill="#97B944" opacity="1.000000" stroke="none" 
	d="
M303.078949,121.158897 
	C303.150970,121.008087 303.326935,121.004486 303.767273,121.005180 
	C303.748749,121.108353 303.465820,121.207222 303.078949,121.158897 
z"/>
<path fill="#97B944" opacity="1.000000" stroke="none" 
	d="
M306.066223,121.160698 
	C306.138763,121.009232 306.319672,121.004944 306.772400,121.008827 
	C306.754364,121.113960 306.464447,121.210915 306.066223,121.160698 
z"/>
</svg>
